"x","y","z","max_depth","hole_path","year","hole_id"
238758.85,185215.33,91.5,42.5,"LINEAR",1977,"201"
238919.26,185520.55,88.98,39,"LINEAR",1977,"677_2"
238740.947,185498.748,89.83,48,"LINEAR",1977,"877_3"
238657.28,185260.13,91.26,43,"LINEAR",1977,"877_4"
238952.2,185395.71,91.26,45,"LINEAR",1977,"977_6"
239041.796,185456.667,69.5,30,"LINEAR",1990,"B11_90_1"
238966.68,185479.96,71.8,32,"LINEAR",1990,"B11_90_2"
238922.925,185494.887,73.5,32,"LINEAR",1990,"B11_90_3"
239084.637,185430.121,65.4,25,"LINEAR",1990,"B11_90_4"
238571.51,184716.51,91.5,43.5,"LINEAR",1984,"B34"
238707.56,184328.62,91.6,37.1,"LINEAR",1984,"B35"
238491.68,184541.87,91.5,46.5,"LINEAR",1976,"B83"
238736.64,184548.59,90.5,40,"LINEAR",1976,"B85"
238305.36,184471.04,85,40,"LINEAR",1976,"B86"
238835.98,185006.43,76.72,31,"LINEAR",1992,"B92_1"
238755.78,185105.2,76.07,29,"LINEAR",1992,"B92_2"
238911.76,185025.48,65.68,30,"LINEAR",1992,"B92_3"
238913.82,185162.28,76.7,25,"LINEAR",1992,"B92_4"
238947.87,185549.46,72.34,18.1,"LINEAR",1994,"B94_6_B1"
238755.06,184932.83,75.97,29,"LINEAR",1992,"BL92_1"
238685.48,185170.73,71.76,28,"LINEAR",2000,"BRG_00_01"
238663.9,185120.96,72.08,27,"LINEAR",2000,"BRG_00_02"
238653.56,184974.7,72.51,30,"LINEAR",2001,"BRG_01_01"
238607.13,184883.86,74.46,28,"LINEAR",2001,"BRG_01_02"
238549.17,184791.83,76.47,32,"LINEAR",2001,"BRG_01_03"
238586.19,184702.83,77.46,33,"LINEAR",2001,"BRG_01_04"
238562.73,184634.57,75.31,30,"LINEAR",2001,"BRG_01_05"
238657.47,184679.09,74.61,30,"LINEAR",2001,"BRG_01_06"
238631.04,184601.8,75.67,31,"LINEAR",2001,"BRG_01_07"
238744.95,184650.74,66.39,21,"LINEAR",2001,"BRG_01_08"
238708.94,184568.92,72.16,27,"LINEAR",2001,"BRG_01_09"
238438.135,184618.6888,72.9452,36,"LINEAR",2005,"BRG_05_01"
238496.0191,184483.3546,75.3954,37,"LINEAR",2005,"BRG_05_02"
238617.6558,184485.0397,71.5283,35,"LINEAR",2005,"BRG_05_03"
238684.6156,184445.0937,72.1568,35,"LINEAR",2005,"BRG_05_04"
238904.8,184876.24,78.92,47,"LINEAR",2005,"BRG_05_05"
239670.83,185758.85,61.05,25,"LINEAR",2005,"BRG_05_06"
239896,185648,60,25,"LINEAR",2005,"BRG_05_07"
240133,185700,60,22,"LINEAR",2005,"BRG_05_08"
238482.82,184897.01,92.01,62,"LINEAR",2005,"BRG_05_09"
238383.62,185036.38,91.69,58,"LINEAR",2005,"BRG_05_10"
238458.76,185206.48,91.99,62,"LINEAR",2005,"BRG_05_11"
238646.98,185050.98,76.35,48,"LINEAR",2005,"BRG_05_12"
238921.71,184736.59,78.2,47,"LINEAR",2005,"BRG_05_13"
238355,184486,75,42,"LINEAR",2005,"BRG_05_14"
238627.97,184423.94,74.14,38,"LINEAR",2005,"BRG_05_15"
238498.8,185289.58,76.98,29,"LINEAR",2008,"BRG_08_01"
239534.09,185634.98,54.35,15,"LINEAR",2011,"BRG_11_01"
239600,185500,53.25,17,"LINEAR",2011,"BRG_11_02"
239700,185600,51.9,14,"LINEAR",2011,"BRG_11_03"
239631.13,185738.76,59.83,20,"LINEAR",2011,"BRG_11_04"
239703.21,185727.98,60.4,20,"LINEAR",2011,"BRG_11_05"
239867.77,185749.63,59.66,20,"LINEAR",2011,"BRG_11_06"
239871.37,185613.18,60.42,20,"LINEAR",2011,"BRG_11_07"
240029.13,185653.18,59.19,20,"LINEAR",2011,"BRG_11_08"
238982.29,184829.25,66.47,28,"LINEAR",2013,"BRG_13_01"
238817.77,184683.05,65.01,28,"LINEAR",2013,"BRG_13_02"
238052.447,184548.125,89.675,50,"LINEAR",2016,"BRG_16_01"
238127.6,184624.4,86.669,50,"LINEAR",2016,"BRG_16_02"
238129.2,184799.1,91.523,50,"LINEAR",2016,"BRG_16_03"
238271,184720.2,91.781,30,"LINEAR",2016,"BRG_16_04A"
238303.231,184613.036,73.299,30,"LINEAR",2016,"BRG_16_04B"
238186.5,184893.1,92.171,50,"LINEAR",2016,"BRG_16_05"
238441.52,185151.02,65.91,18,"LINEAR",2016,"BRG_16_06"
238442.88,185049.99,66.3,18,"LINEAR",2016,"BRG_16_07"
238446.26,184952.1,65.6,18,"LINEAR",2016,"BRG_16_08"
238420.78,184835.36,68.9,18,"LINEAR",2016,"BRG_16_09"
238509.25,184984.41,91.12,42,"LINEAR",1993,"BRG_93_1"
238375.78,184776.61,91.12,39,"LINEAR",1993,"BRG_93_2"
238859.33,184540.38,85.39,25,"LINEAR",1993,"BRG_93_3"
238963.03,184786.45,91.79,46,"LINEAR",1993,"BRG_93_4"
239029.83,184757,91.55,43,"LINEAR",1993,"BRG_93_4A"
238975.03,184622.69,90.97,45,"LINEAR",1993,"BRG_93_6"
238851.83,184680.31,89.51,38,"LINEAR",1993,"BRG_93_7"
238251.21,185098.23,91,43,"LINEAR",1993,"BRG_93_8"
238844.09,185487.82,79.22,44,"LINEAR",1996,"BRG_96_02"
238804.17,185357.91,79.91,35,"LINEAR",1996,"BRG_96_03"
238651.31,185433.91,91.03,45,"LINEAR",1996,"BRG_96_04"
238553.96,185228.23,92.46,45,"LINEAR",1996,"BRG_96_05"
238884.51,185543.34,74.63,25,"LINEAR",1996,"BRG_96_06"
238450.74,185362.97,92.06,45,"LINEAR",1996,"BRG_96_BE04"
238364.26,185164.32,89.86,47,"LINEAR",1996,"BRG_96_BE05"
238666.25,185355.96,81.81,37,"LINEAR",1997,"BRG_97_01"
238751.27,185305.78,78.04,29,"LINEAR",1997,"BRG_97_02"
238846.5,185272.11,74.96,29,"LINEAR",1997,"BRG_97_03"
238804.57,185182.54,78,29,"LINEAR",1997,"BRG_97_04"
238656.09,184745.95,71.3,25,"LINEAR",1997,"BRG_97_05"
238312.31,183957.54,90.69,52,"LINEAR",2009,"ECO_09_01"
238160.23,184143.97,88.09,35,"LINEAR",2009,"ECO_09_02"
238319.98,184114.68,90.01,35,"LINEAR",2009,"ECO_09_03"
238479.24,184089.71,88.1,35,"LINEAR",2009,"ECO_09_04"
238192.09,184361.58,89.59,52,"LINEAR",2009,"ECO_09_05"
